time	cusn	quan	pric	totr	tots	dayw	date	type	ethn	size	cash	estb	qual	loct	stor	phon
	1	120	0.65	8160	5060	1	427	w	s		0	s		1	1	1
300	1	180	0.85	3900	6050	5	417	w	s	m	0	s	2	1	1	1
315	1	200	1.25	6080	4780	4	507	w	s	m	0	s	3	1	1	1
335	1	60	0.5	7694	9050	4	430	w	s	m	0	s	2	1	1	1
350	1	60	0.65	1610	6260	1	504	w	s		0	s		1	1	1
400	1	65	0.65	1676	3300	2	428	w	s	m	0	s	1	1	1	1
400	1	60	0.85	6570	6470	4	423	w	s		0	s		1	1	1
413	1	180	1	3940	4118	3	422	w	s	s	0	s	1	1	1	1
415	1	60	1	360	490	3	415	w	s	m	0	s	4	1	1	1
430	1	120	0.75	10700	10494	2	421	w	s	s	0	s	3	1	1	1
500	1	50	1.25	2305	1450	3	506	w	s	m	0	s	3	1	1	1
500	1	130	0.65	6963	5785	3	429	w	s	m	0	s	3	1	1	1
520	1	100	1	1320	1290	2	505	w	s	lm	0	s	3	1	1	1
600	1	240	0.75	11875	9655	4	416	w	s	m	0	s	1	1	1	1
605	1	200	0.75	7049	5535	1	413	w	s	m	0	s	3	1	1	1
620	1	60	0.75	200	2260	2	414	w	s	m	0	s	3	1	1	1
400	1	100	0.85	2390	945	5	424	kw	s		0	s	1	1	1	1
	1	60	1.75	4020	3420	5	508	w	s	m	0	s	3	1	1	1
555	2	400	0.75	3900	6050	5	417	w	a	m	c	s	2	2	1	0
600	3	240	0.6	15940	15455	5	424	w	a	m	c	s	2	1	1	0
659	4	400	0.3	1610	6260	1	504	w	a	m	c	sf	5			0
700	4	300	1.25	6080	4780	4	507	w	a	m	c	sf	3			0
725	4	120	0.85	3940	4118	3	422	w	a	s	c	sf	1			0
804	4	240	0.5	15940	15455	5	424	w	a	m	c	sf	2			0
812	4	120	0.5	15940	15455	5	424	w	a	m	c	sf	2			0
615	5	60	0.75	11875	9655	4	416	w	s	m	c	s	1	1	1	0
655	5	100	0.5	6963	5785	3	429	w	s	lm	c	s	1	1	1	0
700	5	60	0.75	10700	10494	2	421	w	s	s	c	s	3	1	1	0
700	5	120	0.75	200	2260	2	414	w	s	m	c	s	3	1	1	0
714	5	100	0.25	11370	8520	5	501	w	s	m	c	s	4	1	1	0
400	6	300	0.3	7694	9050	4	430	w	a	l	c	s	5	1	1	0
400	6	240	0.7	7049	5535	1	413	w	a	m	c	s	3	1	1	0
430	7	60	1.25	6080	4780	4	507	w	s		0	s		1	1	0
430	7	120	0.85	3900	6050	5	417	w	s	m	0	s	2	1	1	0
435	7	65	0.75	11875	9655	4	416	w	s	m	0	s	1	1	1	0
437	7	60	0.85	15940	15455	5	424	w	s	m	0	s	1	1	1	0
445	7	50	1.25	2305	1450	3	506	w	s	m	0	s	3	1	1	0
455	7	60	1	3940	4118	3	422	w	s	s	0	s	1	1	1	0
535	7	60	0.75	7049	5535	1	413	w	s	m	0	s	3	1	1	0
415	7	120	0.9	2100	1825	5	501	kw	s		0	s	1	1	1	0
427	7	65	1.5	875	1050	4	507	kw	s		0	s	3	1	1	0
450	7	60	1	335	185	4	430	kw	s		0	s	1	1	1	0
455	7	60	1.25	990	1700	4	423	kw	s		0	s	1	1	1	0
502	7	65	1.1	335	260	2	428	kw	s		0	s	1	1	1	0
520	7	60	1	1182	480	3	429	kw	s		0	s	1	1	1	0
738	8	60	0.5	15940	15455	5	424	w	a	m	c	s	2	1	1	0
455	9	200	0.7	15940	15455	5	424	w	a	lm	c	s	3	1	1	0
535	9	200	0.35	11370	8520	5	501	w	a	m	c	s	4	1	1	0
400	10	180	0.65	1610	6260	1	504	w	s	m	0	s	3	1	1	0
420	10	240	0.9	1320	1290	2	505	w	s	m	0	s	3	1	1	0
455	10	180	0.65	8160	5060	1	427	w	s	m	0	s	2	1	1	0
615	11	120	0.75	7049	5535	1	413	w	s	m	0	s	3	1	1	0
620	11	60	0.65	8160	5060	1	427	w	s	m	0	s	2	1	1	0
701	11	50	1.25	6080	4780	4	507	w	s	m	0	s	3	1	1	0
701	11	50	1.25	6080	4780	4	507	w	s	m	0	s	3	1	1	0
720	11	100	1	3940	4118	3	422	w	s	l	0	s	3	1	1	0
632	11	100	0.85	7049	5535	1	413	w	s	l	0	s	3	1	1	0
500	12	130	0.75	11875	9655	4	416	w	s	m	0	s	1		1	0
604	12	200	1.25	6080	4780	4	507	w	s	m	0	s	3		1	0
600	13	360	0.75	10700	10494	2	421	w	a	m	c	f	1		0	0
600	14	60	0.85	2100	1825	5	501	kw	a		0	s	1	1	1	0
615	14	75	0.85	2390	945	5	424	kw	a		0	s	1	1	1	0
616	14	60	1.5	495	425	3	506	kw	a		0	s	3	1	1	0
640	14	50	1	390	230	1	427	kw	a		0	s	3	1	1	0
530	15	200	0.45	0	60	2	414	kw	a		c	f	5	2	0	0
550	16	150	0.3	1610	6260	1	504	w	b	m	0	s	5	1	1	0
620	16	120	0.85	6570	6470	4	423	w	b	m	0	s	3	1	1	0
650	16	100	0.8	3900	6050	5	417	w	b	m	0	s	2	1	1	0
732	17	240	0.35	11370	8520	5	501	w	a	m	0	s	3	1	1	0
750	17	60	0.6	8160	5060	1	427	w	a	m	0	s	2	1	1	0
400	18	65	1.1	335	260	2	428	kw	s		0	s	1	1	1	0
401	18	60	1.1	1460	670	4	416	kw	s		0	s	1	1	1	0
410	18	60	1.5	120	60	3	415	kw	s		0	s	1	1	1	0
416	18	60	1	335	185	4	430	kw	s		0	s	1	1	1	0
420	18	60	1.25	990	1700	4	423	kw	s		0	s	1	1	1	0
500	18	60	1.5	495	425	3	506	kw	s		0	s	3	1	1	0
632	19	200	0.85	3900	6050	5	417	w	a	m	c	s	2	1	1	0
621	20	60	0.75	11875	9655	4	416	w	a	m	c	s	1	1	1	0
630	20	60	0.4	11370	8520	5	501	w	a	m	c	s	3	1	1	0
650	20	60	0.65	8160	5060	1	427	w	a	m	c	s	2	1	1	0
630	21	50	1.25	2305	1450	3	506	w		m	c		3			0
700	22	60	0.65	8160	5060	1	427	w		m	c		2			0
410	23	300	1.75	4020	3420	5	508	w	a	m	c	s	3	1	1	0
532	23	300	1.25	2305	1450	3	506	w	a	m	c	s	3	1	1	0
554	23	300	0.25	11370	8520	5	501	w	a	m	c	s	4	1	1	0
555	23	300	0.5	15940	15455	5	424	w	a	m	c	s	3	1	1	0
555	23	300	0.65	15940	15455	5	424	w	a	lm	c	s	3	1	1	0
645	23	600	0.6	11875	9655	4	416	w	a	m	c	s	1	1	1	0
700	23	1000	0.4	7694	9050	4	430	w	a	lm	c	s	4	1	1	0
800	23	800	0.75	3900	6050	5	417	w	a		c	s		1	1	0
540	24	400	0.7	200	2260	2	414	w	a	lm	c	f	4		0	0
540	24	450	0.7	0	60	2	414	kw	a		c	f	4		0	0
	25	60		15940	15455	5	424	w	s		0	s		1	1	0
409	25	60	0.65	1610	6260	1	504	w	s	m	0	s	3	1	1	0
420	25	100	1	6570	6470	4	423	w	s	lm	0	s	3	1	1	0
625	25	25	1.25	2305	1450	3	506	w	s	m	0	s	3	1	1	0
635	25	60	0.75	10700	10494	2	421	w	s	m	0	s	1	1	1	0
635	25	60	0.4	11370	8520	5	501	w	s	m	0	s	3	1	1	0
705	25	60	0.6	8160	5060	1	427	w	s	m	0	s	2	1	1	0
420	25	100	1.1	2390	945	5	424	kw	s		0	s	1	1	1	0
445	25	60	1	335	185	4	430	kw	s		0	s	1	1	1	0
530	25	60	0.9	1182	480	3	429	kw	s		0	s	1	1	1	0
555	25	60	1.5	875	1050	4	507	kw	s		0	s	3	1	1	0
625	25	25	1.25	495	425	3	506	kw	s		0	s	3	1	1	0
640	25	120	0.85	1625	1376	5	417	kw	s		0	s	3	1	1	0
425	26	600	1.75	4020	3420	5	508	w	a	m		s	3	1	1	0
553	27	480	0.5	6963	5785	3	429	w	s	m	c	s	3	3	1	0
605	28	30	0.25	1610	6260	1	504	w	a	m	c	s	5	1	1	0
605	28	50	0.25	1610	6260	1	504	w	a	lm	c	s	4	1	1	0
705	28	50	1.25	6080	4780	4	507	w	a	m	c	s	3	1	1	0
611	29	240	0.85	6570	6470	4	423	w	a	m	c	s	3	2	1	0
615	29	240	0.75	10700	10494	2	421	w	a	s	c	s	3	2	1	0
625	29	120	0.85	3940	4118	3	422	w	a	s	c	s	1	2	1	0
631	30	240	0.85	3940	4118	3	422	w	a	s	c	s	1		1	0
433	31	65	1.1	335	260	2	428	kw	s		c	s	1	2	1	0
440	31	60	1.5	875	1050	4	507	kw	s		c	s	3	2	1	0
420	32	100	0.75	1610	6260	1	504	w	a	lm	c	s	4		1	0
501	33	360	0.75	10700	10494	2	421	w	a	m	c	s	1	1	1	0
710	34	60	0.85	1182	480	3	429	kw	a		c	s	1	1	1	0
632	35	100	0.8	3900	6050	5	417	w	a	m	c	s	2		1	0
705	35	100	0.75	15940	15455	5	424	w	a	m	c	s	1		1	0
815	35	60	0.75	11875	9655	4	416	w	a	m	c	s	1		1	0
635	36	120	0.85	3940	4118	3	422	w	a	s	c	s	1		1	0
705	36	50	1.25	6080	4780	4	507	w	a	m	c	s	3		1	0
	37	100	0.8	1115	840	1	413	w	s		0	s			1	0
	37	150	0.6	1676	3300	2	428	w	s		0	s			1	0
814	37	180	0.5	15940	15455	5	424	w	s	m	0	s	2		1	0
816	37	60	0.85	2390	945	5	424	kw	s		0	s	3		1	0
	37	120	0.65	8160	5060	1	427		s		0	s			1	0
435	38	60	1.75	4020	3420	5	508	w	a	m	c	f	3	1	0	0
645	39	50	1.25	6080	4780	4	507	w	a	m	c	s	3	1	1	0
550	39	60	1.5	495	425	3	506	kw	a		c	s	3	1	1	0
550	40	120	2	4020	3420	5	508	w	s	m	c	s	3	2	1	0
640	41	120	0.75	11875	9655	4	416	w	s	m	c	s	1		1	0
655	41	60	1.1	1460	670	4	416	kw	s		c	s	3		1	0
525	42	100	1.25	6080	4780	4	507	w	s	m	0	s	3		1	0
540	42	120	0.5	7694	9050	4	430	w	s	m	0	s	2		1	0
635	42	60	0.65	1610	6260	1	504	w	s	m	0	s	3		1	0
645	42	100	0.85	7049	5535	1	413	w	s	l	0	s	3		1	0
715	42	120	0.65	8160	5060	1	427	w	s	m	0	s	2		1	0
735	42	120	0.75	15940	15455	5	424	w	s	m	0	s	3		1	0
735	42	60	1	2390	945	5	424	kw	s		0	s	1		1	0
620	43	180	0.85	6570	6470	4	423	w	a	m	c	s	3	2	1	0
625	44	60	0.85	3940	4118	3	422	w	s	s	c	s	1	1	1	0
815	45	240	0.5	15940	15455	5	424	w	a	m	c	sf	2			0
725	46	240	0.75	10700	10494	2	421	w	a	s	c	s	3		1	0
355	47	120	0.6	15940	15455	5	424	w	a	m	c		3			0
550	48	180	1	1460	670	4	416	kw	a		0	s	1	1	1	0
	49	150	0.5	1610	6260	1	504	w			c					0
530	50	100	0.25	11370	8520	5	501	w	s	lm	0	s	5		1	0
540	50	100	0.35	7694	9050	4	430	w	s	lm	0	s	4		1	0
610	50	130	0.75	11875	9655	4	416	w	s	m	0	s	1		1	0
645	51	100	0.85	6570	6470	4	423	w	a	l	c	s	3	2	1	0
645	51	360	0.85	6570	6470	4	423	w	a	m	c	s	3	2	1	0
735	51	240	0.75	10700	10494	2	421	w	a	s	c	s	3	2	1	0
455	52	600	0.75	7049	5535	1	413	w	a	m	c	s	3		1	0
705	53	60	0.85	3940	4118	3	422	w	a	s	c	sf	1	1		0
710	53	50	1.25	2305	1450	3	506	w	a	m	c	sf	3	1		0
630	54	100	0.25	11370	8520	5	501	w	a	m	c	s	4	1	1	0
630	54	120	0.3	1610	6260	1	504	w	a	m	c	s	5	1	1	0
616	55	50	1.25	6080	4780	4	507	w	a	m	0	s	3	1	1	0
730	55	60	0.75	11875	9655	4	416	w	a	m	0	s	1	1	1	0
500	56	400	0.35	7694	9050	4	430	w	a	lm	c		4			0
530	56	500	0.25	1610	6260	1	504	w	a	m	c		5			0
525	57	400	0.85	7049	5535	1	413	w	a	l	c	s	3	1	1	0
531	57	360	0.85	6570	6470	4	423	w	a	m	c	s	3	1	1	0
545	57	350	0.35	7694	9050	4	430	w	a	l	c	s	5	1	1	0
545	57	60	0.5	7694	9050	4	430	w	a	m	c	s	2	1	1	0
545	57	100	0.6	7694	9050	4	430	w	a	m	c	s	1	1	1	0
450	58	60	0.75	85	149	1	504	kw	a		c		5			0
500	59	60	1.1	390	230	1	427	kw	a		0	s	3	2	1	0
525	59	120	1	985	540	2	421	kw	a		c	s	3	2	1	0
616	59	60	1	1460	670	4	416	kw	a		c	s	3	2	1	0
625	60	100	1.25	2305	1450	3	506	w	b	m	c	s	3	1	1	0
	61	60	1.5	875	1050	4	507	kw			c		3			0
715	62	500	0.4	7694	9050	4	430	w	a	lm	c	s	4	1	1	0
731	63	100	0.75	3900	6050	5	417	w	a	m	c	f	4		0	0
735	63	120	0.5	15940	15455	5	424	w	a	m	c	f	2		0	0
817	64	150	0.75	2390	945	5	424	kw	a		c	s	2	1	1	0
620	65	60	0.85	6570	6470	4	423	w	a	m	c	s	3		1	0
630	65	60	0.75	7049	5535	1	413	w	a	m	c	s	3		1	0
650	65	60	0.75	10700	10494	2	421	w	a	s	c	f	3		0	0
701	65	50	0.3	7694	9050	4	430	w	a	lm	c	s	5		1	0
550	66	60	0.9	1320	1290	2	505	w	s	m	0	s	3		1	0
600	66	60	0.6	15940	15455	5	424	w	s	m	0	s	2		1	0
	67	135	0.95	2100	1825	5	501	kw	a		c	s		1	1	0
615	67	50	1	1625	1376	5	417	kw	a		c	s	3	1	1	0
730	68	50	0.75	990	1700	4	423	kw	b		c		5			0
707	69	60	0.75	10700	10494	2	421	w	a	s	c	s	3		1	0
	70	20	0.6	11370	8520	5	501	w			c					0
725	70	50	0.85	1625	1376	5	417	kw			c		5			0
530	71	100	0.9	1625	1376	5	417	kw	s		c	s	5	2	1	0
615	72	60	0.85	3900	6050	5	417	w	b	m	c	f	2	1	0	0
545	73	50	0.65	1676	3300	2	428	w	s	m	c	s	1	1	1	0
650	74	300	0.85	3900	6050	5	417	w	a	m	c	s	2	2	1	0
445	75	60	2	120	170	5	508	kw	s		c	s	3	1	1	0
415	76	29	1.1	85	149	1	504	kw	s		c	s	1	1	1	0
420	76	60	0.75	10700	10494	2	421	w	s	m	c	s	1	1	1	0
435	76	60	0.65	1610	6260	1	504	w	s	m	c	s	3	1	1	0
425	76	120	0.9	2100	1825	5	501	kw	s		0	s	1	1	1	0
445	76	60	1.1	1460	670	4	416	kw	s		c	s	3	1	1	0
450	76	60	1	985	540	2	421	kw	s		c	s	3	1	1	0
450	76	60	1.25	990	1700	4	423	kw	s		c	s	3	1	1	0
456	76	60	1.1	2390	945	5	424	kw	s		c	s	1	1	1	0
505	77	60	0.75	10700	10494	2	421	w	s	m	c	f	1		0	0
520	78	700	1.65	4020	3420	5	508	w	a	m	c	f	3	1	0	0
600	78	300	0.5	15940	15455	5	424	w	a	m	c	f	2	1	0	0
600	78	600	0.5	15940	15455	5	424	w	a	m	c	f	3	1	0	0
600	78	300	0.5	15940	15455	5	424	w	a	m	c	f	3	1	0	0
600	78	600	0.65	15940	15455	5	424	w	a	lm	c	f	3	1	0	0
600	78	600	0.65	15940	15455	5	424	w	a	lm	c	f	3	1	0	0
611	78	480	0.85	6570	6470	4	423	w	a	m	c	f	3	1	0	0
615	78	1000	0.4	6963	5785	3	429	w	a	l	c	f	3	1	0	0
615	78	120	0.85	6570	6470	4	423	w	a	m	c	f	3	1	0	0
615	78	200	0.85	6570	6470	4	423	w	a	m	c	f	1	1	0	0
630	78	480	0.5	1676	3300	2	428	w	a	m	c	f	3	1	0	0
630	78	190	0.6	360	490	3	415	w	a	m	c	f	4	1	0	0
630	78	480	0.5	1676	3300	2	428	w	a	m	c	f	1	1	0	0
645	78	300	0.6	7049	5535	1	413	w	a	m	c	f	3	1	0	0
645	78	120	0.6	200	2260	2	414	w	a	m	c	f	3	1	0	0
645	78	740	0.6	11875	9655	4	416	w	a	m	c	f	1	1	0	0
655	78	1500	0.75	3900	6050	5	417	w	a	m	c	f	2	1	0	0
700	78	600	0.35	11370	8520	5	501	w	a	m	c	f	3	1	0	0
700	78	300	0.25	11370	8520	5	501	w	a	m	c	f	4	1	0	0
700	78	1100	0.3	11370	8520	5	501	w	a	lm	c	f	4	1	0	0
645	78	65	1	1460	670	4	416	kw	a		c	f	3	1	0	0
435	79	180	0.4	11370	8520	5	501	w	s	m		s	3	2	1	0
550	79	120	2	4020	3420	5	508	w	s	m		s	3	2	1	0
845	80	300	0.35	11370	8520	5	501	w	s	m	c	s	3	1	1	0
330	80	120	1.25	990	1700	4	423	kw	s		c	s	1	1	1	0
840	80	300	0.6	2390	945	5	424	kw	s		c	s	3	1	1	0
440	81	500	0.4	11370	8520	5	501	w	a	m	c	s	4	2	1	0
445	81	480	0.85	6570	6470	4	423	w	a	m	c	s	3	2	1	0
520	81	240	0.5	6963	5785	3	429	w	a	m	c	s	3	2	1	0
622	81	120	0.75	11875	9655	4	416	w	a	m	c	s	1	2	1	0
635	81	300	0.75	3900	6050	5	417	w	a	s	c	s	1	2	1	0
441	81	100	1.1	990	1700	4	423	kw	a		c	s	3	2	1	0
441	81	120	1.25	990	1700	4	423	kw	a		c	s	1	2	1	0
520	81	180	0.9	1182	480	3	429	kw	a		c	s	1	2	1	0
345	81	480	0.75	11875	9655	4	416	w	a	m	c	s	1	2	1	0
700	82	500	0.75	3900	6050	5	417	w	a	m	c	fd	2	2		0
430	83	300	0.6	1676	3300	2	428	w	b	m	c	s	1	2	1	0
431	83	50	0.6	1676	3300	2	428	w	b	m	c	s	3	2	1	0
428	84	180	0.4	11370	8520	5	501	w	a	m	c	s	3	1	1	0
530	84	180	0.65	8160	5060	1	427	w	a	m	c	s	3	1	1	0
535	84	300	0.25	11370	8520	5	501	w	a	m	c	s	4	1	1	0
620	84	180	0.75	11875	9655	4	416	w	a	m	c	s	1	1	1	0
620	84	180	0.25	1610	6260	1	504	w	a	m	c	s	5	1	1	0
700	85	60	0.75	1625	1376	5	417	kw	a		c	s	5	1	1	0
746	85	60	0.75	1182	480	3	429	kw	a		c	s	1	1	1	0
800	85	60	0.85	985	540	2	421	kw	a		c	s	3	1	1	0
610	86	50	1.25	2305	1450	3	506	w	a	m	c	s	3	1	1	0
610	87	50	1.25	6080	4780	4	507	w	a	m	c	s	3	1	1	0
429	88	50	0.75	2100	1825	5	501	kw	s		c	s	5		1	0
710	89	300	0.6	2390	945	5	424	kw	s		0		4			0
741	90	60	0.6	8160	5060	1	427	w	s	m	c	s	3	1	1	0
815	90	60	0.5	1676	3300	2	428	w	s	m	c	s	3	1	1	0
835	90	150	0.35	6963	5785	3	429	w	s	lm	c	s	3	1	1	0
720	90	600	0.4	990	1700	4	423	kw	s		c	s	5	1	1	0
650	91	50	1.25	6080	4780	4	507	w	s	m	c	s	3	1	1	0
545	92	600	0.55	15940	15455	5	424	w	a	m	c	sf	3	2		0
556	92	240	1.25	6080	4780	4	507	w	a	m	c	sf	3	2		0
602	92	600	0.4	7694	9050	4	430	w	a	lm	c	sf	4	2		0
611	92	200	0.25	11370	8520	5	501	w	a	m	c	sf	4	2		0
715	93	280	0.9	1320	1290	2	505	w	a	m	c	s	3	2	1	0
425	94	300	1.25	6080	4780	4	507	w	a	m	c	s	3	1	1	0
730	95	180	0.75	10700	10494	2	421	w	a	s	c	s	3	2	1	0
602	96	660	0.75	10700	10494	2	421	w	a	s	c	s	3		1	0
540	96	120	1.25	220	170	2	505	kw	a		c	s	1		1	0
815	97	200	0.65	200	2260	2	414	w	s	m	0	s	3		1	0
701	98	400	1.25	6080	4780	4	507	w	a	m	c	s	3		1	0
312	98	400	1.35	875	1050	4	507	kw	a		c	s	3		1	0
650	99	600	1.25	6080	4780	4	507	w	a	m	c	s	3	1	1	0
800	99	600	0.25	11370	8520	5	501	w	a	m	c	s	1	1	1	0
845	99	300	0.43	15940	15455	5	424	w	a	m	c	s	2	1	1	0
845	99	250	0.43	15940	15455	5	424	w	a	m	c	s	1	1	1	0
845	99	400	0.43	15940	15455	5	424	w	a	lm	c	s	3	1	1	0
845	99	180	0.43	15940	15455	5	424	w	a	m	c	s	3	1	1	0
900	99	600	0.4	15940	15455	5	424	w	a	lm	c	s	3	1	1	0
623	100	300	0.25	11370	8520	5	501	w	a	m	c	s	4		1	0
655	101	120	0.6	8160	5060	1	427	w	a	m	c		3			0
615	102	60	1.25	6080	4780	4	507	w	a	m	c	s	3	1	1	0
655	102	100	0.4	6963	5785	3	429	w	a	l	c	s	3	1	1	0
540	103	50	1.1	3940	4118	3	422	w	s	lm	c	s	1		1	0
542	104	300	0.25	11370	8520	5	501	w	a	m	c		4			0
600	104	120	0.65	15940	15455	5	424	w	a	m	c		2			0
635	105	100	1.25	2305	1450	3	506	w	a	m	c	f	3	1	0	0
630	106	600	0.85	3940	4118	3	422	w	a	s	c	s	1	1	1	0
420	107	120	0.85	360	490	3	415	w	s	m	c	sf	2	1		0
544	107	180	0.6	15940	15455	5	424	w	s	m	c	sf	3	1		0
545	107	180	0.85	6570	6470	4	423	w	s	m	c	sf	3	1		0
555	107	180	0.75	11875	9655	4	416	w	s	m	c	sf	1	1		0
616	107	240	0.5	7694	9050	4	430	w	s	m	c	sf	3	1		0
630	107	100	0.65	1676	3300	2	428	w	s	m	c	sf	1	1		0
642	107	120	0.5	1610	6260	1	504	w	s	m	c	sf	5	1		0
545	108	240	1.25	6080	4780	4	507	w	s	m	c	sf	3	1		0
630	108	120	0.85	3900	6050	5	417	w	s	m	c	sf	2	1		0
630	109	180	0.85	3940	4118	3	422	w	a	s	c	s	1		1	0
405	110	60	1.25	1115	840	1	413	kw	s		0	s	1	1	1	0
415	110	65	1.1	335	260	2	428	kw	s		0	s	1	1	1	0
435	110	25	1.1	1625	1376	5	417	kw	s		0	s	1	1	1	0
410	110	35	1.1	2390	945	5	424	kw	s		0	s	1	1	1	0
640	111	60	1	390	230	1	427	kw	a		c	s	4		1	0
545	111	60	1	985	540	2	421	kw	a		c	s	3		1	0
700	112	180	0.75	10700	10494	2	421	w	a	s	c	s	3	2	1	0
550	113	260	0.75	11875	9655	4	416	w	s	m	0	s	1	1	1	1
432	114	240	1.75	4020	3420	5	508	w	a	m	c	sf	3	1		0
459	114	900	0.65	15940	15455	5	424	w	a	lm	c	sf	3	1		0
627	115	200	1.25	6080	4780	4	507	w	a	m	c	sf	3	1		0
650	115	100	0.9	6570	6470	4	423	w	a	m	c	sf	1	1		0
650	115	120	0.85	6570	6470	4	423	w	a	m	c	sf	3	1		0
600	116	120	0.6	15940	15455	5	424	w	a	m	c	s	3	2	1	0
	117	180	0.75	11875	9655	4	416	w		m	c		1			0
342	118	180	0.65	8160	5060	1	427	w	a	m	c	f	3	1	0	0
342	118	200	0.6	8160	5060	1	427	w	a	s	c	f	3	1	0	0
445	119	60	1.5	875	1050	4	507	kw	a		c	s	3	1	1	0
547	120	60	1.25	6080	4780	4	507	w	a	m	c	s	3	2	1	0
600	121	55	1.1	1460	670	4	416	kw	s		0	s	3	1	1	0
602	121	60	1	985	540	2	421	kw	a		0	s	3	1	1	0
725	122	60	0.75	11875	9655	4	416	w	s	m	c	s	1		1	0
755	122	100	0.5	15940	15455	5	424	w	a	lm	c	s	3		1	0
710	123	60	0.85	3940	4118	3	422	w	s	s	0	s	1	1	1	0
725	123	30	0.9	1320	1290	2	505	w	s	m	0	s	3	1	1	0
705	123	60	1	1460	670	4	416	kw	s		0	s	3	1	1	0
500	124	120	0.4	11370	8520	5	501	w	a	m	c	s	3		1	0
640	125	240	0.75	10700	10494	2	421	w	a	s	c	sd	3	1		0
750	126	180	0.5	2390	945	5	424	w	a	m	c	s	2	1	1	0
730	127	120	0.75	10700	10494	2	421	w	a	s	c	s	3		1	0
420	128	60	0.75	7049	5535	1	413	w	s	m	c	sr	3	1		0
435	128	60	0.85	3900	6050	5	417	w	s	m	c	sr	2	1		0
520	128	60	0.5	6963	5785	3	429	w		m	c	sr	3	1		0
632	129	100	0.8	3900	6050	5	417	w	a	m	c	f	2	1	0	0
640	129	240	0.85	6570	6470	4	423	w	a	m	c	f	3	1	0	0
710	129	300	0.75	11875	9655	4	416	w	a	m	c	f	1	1	0	0
715	130	400	0.6	7049	5535	1	413	w	a	s	c	s	3	1	1	0
600	131	900	0.55	15940	15455	5	424	w	a	m	c	sf	2	1		0
617	132	60	0.75	85	149	1	504	kw	a		0	s	4		1	0
540	133	240	0.75	11875	9655	4	416	w	a	m	c	s	1		1	1
432	134	240	1.75	4020	3420	5	508	w	a	m	c	sf	3	2		0
516	134	200	0.6	6963	5785	3	429	w	a	l	c	sf	3	2		0
516	134	120	0.5	6963	5785	3	429	w	a	m	c	sf	3	2		0
458	134	400	0.85	15940	15455	5	424	w	a	m	c	sf	1	2		0
	135	60	0.75	10700	10494	2	421	w	a		c	s		2	1	0
	135	100	0.75	10700	10494	2	421	w	a		c	s		2	1	0
648	135	300	0.3	1610	6260	1	504	w	a	m	c	s	5	2	1	0
801	136	120	0.75	11875	9655	4	416	w	a	m	c	s	1		1	0
800	136	200	0.75	1625	1376	5	417	kw	a		c	s	5		1	0
455	137	60	0.65	8160	5060	1	427	w	s	m	0	s	2	3	1	0
720	138	720	0.35	6963	5785	3	429	w	a	m	c	s	3	1	1	0
515	139	60	1.25	6080	4780	4	507	w	a	m	c		3			0
544	139	60	0.85	6570	6470	4	423	w	a	m	c		3			0
701	140	60	0.75	200	2260	2	414	w	s	m	c	s	3		1	0
703	140	60	0.75	10700	10494	2	421	w	s	s	c	s	3		1	0
710	140	50	1.25	2305	1450	3	506	w	s	m	c	s	3		1	0
744	140	60	0.55	15940	15455	5	424	w	s	m	c	s	2		1	0
335	141	120	1.1	990	1700	4	423	kw	a		0	s	3	1	1	0
400	141	60	1.1	85	149	1	504	kw	a		0	s	1	1	1	0
500	141	65	1.5	495	425	3	506	kw	a		0	s	3	1	1	0
435	142	100	0.85	10700	10494	2	421	w	s	l	c	s	3		1	0
552	142	360	0.6	15940	15455	5	424	w	s	m	c	s	2		1	0
625	142	50	1.25	6080	4780	4	507	w	s	m	c	s	3		1	0
650	143	50	0.9	6570	6470	4	423	w	a		c	s			1	0
432	144	240	1.75	4020	3420	5	508	w	a	m	c	sf	3	1		0
625	144	100	1.25	2305	1450	3	506	w	a	m	c	sf	3	1		0
635	144	100	1.25	6080	4780	4	507	w	a	m	c	sf	3	1		0
640	144	120	0.85	3940	4118	3	422	w	a	s	c	sf	1	1		0
650	144	120	0.65	8160	5060	1	427	w	a	m	c	sf	3	1		0
646	145	150	0.3	7694	9050	4	430	w	a	l	c	f	5		0	0
730	146	180	0.6	8160	5060	1	427	w	a		c					0
626	146	100	1.25	2305	1450	3	506	w	a	m	c		3			0
701	146	180	0.75	10700	10494	2	421	w	a	s	c		3			0
801	146	120	0.75	11875	9655	4	416	w	a	m	c		1			0
655	147	60	0.3	1610	6260	1	504	w	a	m	c		5			0
701	148	200	1.25	6080	4780	4	507	w	a	m	c	sf	3			0
745	148	180	0.5	15940	15455	5	424	w	a	m	c	sf	2			0
415	149	120	1.75	4020	3420	5	508	w	a	m	c	s	3	1	1	1
735	149	100	1	3940	4118	3	422	w	a	l	c	s	3	1	1	0
740	149	60	0.9	3940	4118	3	422	w	a	m	c	s	1	1	1	0
630	150	100	1.25	6080	4780	4	507	w	a	m	c	s	3	1	1	0
520	151	65	0.75	11875	9655	4	416	w	s	m	c	s	1	1	1	0
440	152	300	0.65	8160	5060	1	427	w		m	c		3			0
730	153	100	0.75	3900	6050	5	417	w	a	m	c	s	4	1	1	0
701	154	50	1.25	6080	4780	4	507	w	a	m	c	s	3	1	1	0
530	155	60	0.9	1182	480	3	429	kw			0	s	1	1	1	0
620	156	100	0.5	335	185	4	430	kw			c	s	4		1	0
501	157	600	0.75	10700	10494	2	421	w	a	m	c	s	1	2	1	0
604	158	200	1.25	6080	4780	4	507	w	a	m	c	s	3		1	0
720	158	120	0.9	3940	4118	3	422	w	a	s	c	s	1		1	0
545	159	400	0.25	11370	8520	5	501	w	a	m	c	s	4	2	1	0
500	160	600	0.6	15940	15455	5	424	w	a	lm	c	s	3	2	1	0
715	161	75	0.75	2390	945	5	424	kw	s		c	s	1	1	1	0
	162	60	1.75	4020	3420	5	508	w	s	m	0	s	3	2	1	0
515	162	60	1.25	6080	4780	4	507	w	s	m	0	s	3	2	1	0
515	162	60	0.9	1320	1290	2	505	w	s	m	0	s	3	2	1	0
647	163	200	0.3	1610	6260	1	504	w	a	s	c	s	5	2	1	0
630	164	180	0.85	3940	4118	3	422	w	a	s	c	s	1	1	1	0
710	164	60	0.75	10700	10494	2	421	w	a	s	c	s	3	1	1	0
600	165	180	0.75	10700	10494	2	421	w	a	m	c	s	1	1	1	0
645	166	150	0.3	1610	6260	1	504	w	a	lm	c	s	5	1	1	0
645	166	150	0.3	7694	9050	4	430	w	a	l	c	s	5	1	1	0
646	166	200	0.3	1610	6260	1	504	w	a	s	c	s	5	1	1	0
755	166	100	0.4	6963	5785	3	429	w	a	l	c	s	3	1	1	0
800	166	110	0.65	200	2260	2	414	w	a	m	c	s	3	1	1	0
645	167	60	0.6	15940	15455	5	424	w	s	m	c		3			0
620	168	330	0.6	85	149	1	504	kw	s		c	s	4	1	1	0
745	169	150	0.75	1625	1376	5	417	kw	a		c	s	5		1	0
630	170	60	0.75	3900	6050	5	417	w	s	m	c	s	2	1	1	0
	171	60	0.75	2100	1825	5	501	kw			0	sh				0
339	172	60	1.5	875	1050	4	507	kw	a		c	s	3	1	1	0
639	173	100	0.3	7694	9050	4	430	w	a	l	c	s	5	1	1	0
720	174	50	0.3	7694	9050	4	430	w	a	l	c		5			0
	175	25	1.25	1460	670	4	416	kw			0					0
417	176	60	0.75	7049	5535	1	413	w	b	m	c	f	3	1	0	0
435	176	50	0.85	15940	15455	5	424	w	b	lm	c	f	3		0	0
505	176	100	0.4	11370	8520	5	501	w	b	m	c	f	4	1	0	0
507	176	60	0.65	8160	5060	1	427	w	b	m	c	f	3	1	0	0
535	176	60	0.9	1320	1290	2	505	w	b	m	c	f	3	1	0	0
635	177	100	0.65	15940	15455	5	424	w	a	lm	c	f	3		0	0
730	178	35	0.5	7049	5535	1	413	w			c					0
403	179	120	0.5	7694	9050	4	430	w	s	m	0	s	2	3	1	0
	180	30	1	1676	3300	2	428	w			0					0
415	181	50	0.3	7694	9050	4	430	w	b	l	c		5	1		0
	182	60	0.7	11875	9655	4	416	w		m	0		1			0
756	183	50	0.8	1460	670	4	416	kw	b		c		4			0
616	184	200	1	1625	1376	5	417	kw	a		c	s	3	1	1	0
545	184	180	0.9	3940	4118	3	422	w	a	s	c	s	1	1	1	0
600	184	200	0.5	2100	1825	5	501	kw	a		c	s	5	1	1	0
620	184	100	0.75	2390	945	5	424	kw	a		c	s	4	1	1	0
711	185	50	0.8	3900	6050	5	417	w	s	m	c		4			0
	186	60		11875	9655	4	416	w								0
	186	360		7694	9050	4	430	w								0
	186	300		1610	6260	1	504	w								0
	186	100		11370	8520	5	501	w								0
445	187	50	0.65	1676	3300	2	428	w	s	m	c	s	1	2	1	0
530	187	50	1.1	3940	4118	3	422	w	s	lm	c	s	1	2	1	0
420	188	300	0.8	3940	4118	3	422	w	s	s	0		1			0
421	189	60	0.5	7694	9050	4	430	w	s	m	0	s	2	2	1	0
425	189	50	0.85	15940	15455	5	424	w	s	m	0	s	1	2	1	0
435	189	100	1	6570	6470	4	423	w	s	m	0	s	1	2	1	0
558	189	50	0.6	6963	5785	3	429	w	s	lm	0	s	1	2	1	0
540	190	240	0.75	3900	6050	5	417	w	s	m	0	s	2	1	1	0
545	190	200	0.6	15940	15455	5	424	w	s	lm	0	s	3	1	1	0
610	190	60	0.75	200	2260	2	414	w	s	m	0	s	3	1	1	0
610	190	120	0.6	1676	3300	2	428	w	s	m	0	s	3	1	1	0
611	190	60	0.5	7694	9050	4	430	w	s	m	0	s	2	1	1	0
630	190	120	0.75	7049	5535	1	413	w	s	m	0	s	3	1	1	0
705	190	120	0.75	11875	9655	4	416	w	s	m	0	s	1	1	1	0
737	190	60	0.4	11370	8520	5	501	w	s	m	0	s	3	1	1	0
746	190	200	0.75	2390	945	5	424	kw	s		0	s	1	1	1	0
540	191	480	0.6	1676	3300	2	428	w	b	m	c	f	3	1	0	0
900	192	600	0.45	15940	15455	5	424	w		lm	0	sh	4			0
350	193	100	1	6570	6470	4	423	w	s	lm	0	s	3	1	1	0
415	193	60	0.4	11370	8520	5	501	w	s	m	0	s	3	1	1	0
450	193	65	0.75	11875	9655	4	416	w	s	m	0	s	1	1	1	0
400	193	60	1	0	60	2	414	kw	s		0	s	3	1	1	0
700	194	600	0.5	8160	5060	1	427	w	a	m	c	f	3	1	0	0
800	194	600	0.55	7049	5535	1	413	w	a	s	c	f	3	1	0	0
820	194	600	0.35	6963	5785	3	429	w	a	m	c	f	3	1	0	0
830	194	840	0.5	15940	15455	5	424	w	a	m	c	f	3	1	0	0
830	194	600	0.65	11875	9655	4	416	w	a	m	c	f	1	1	0	0
845	194	600	0.25	11370	8520	5	501	w	a	m	c	f	4	1	0	0
335	195	130	0.75	11875	9655	4	416	w	s	m	0	s	1	1	1	0
335	195	120	0.5	7694	9050	4	430	w	s	m	0	s	2	1	1	0
415	195	60	1.75	4020	3420	5	508	w	s	m	0	s	3	1	1	0
432	195	120	0.4	11370	8520	5	501	w	s	m	0	s	3	1	1	0
445	195	65	0.65	1676	3300	2	428	w	s	m	0	s	1	1	1	0
445	195	100	0.75	7049	5535	1	413	w	s	m	0	s	3	1	1	0
515	195	50	1.25	2305	1450	3	506	w	s	m	0	s	3	1	1	0
505	195	65	1.1	335	260	2	428	kw	s		0	s	1	1	1	0
730	196	160	0.3	1610	6260	1	504	w	b	lm	c	f	5	1	0	0
815	196	60	0.75	11875	9655	4	416	w	b	m	c	f	1	1	0	0
822	196	60	0.5	15940	15455	5	424	w	b	m	c	f	2	1	0	0
830	196	60	0.4	6963	5785	3	429	w	b	m	c	f	3	1	0	0
740	197	60	0.6	8160	5060	1	427	w	b	m	c	s	3	1	1	0
445	198	180	0.75	10700	10494	2	421	w	s	m	c	s	1	2	1	1
	199	60	0.6	15940	15455	5	424	w			0					0
805	200	60	0.75	11875	9655	4	416	w	s	m	0	s	1	1	1	0
845	201	50	0.5	15940	15455	5	424	w	b	lm	c		4			0
	202	500	0.6	11875	9655	4	416	w		m	c		1			0
630	203	100	0.4	7694	9050	4	430	w	a	lm	c	s	4		1	0
530	204	150	0.3	7694	9050	4	430	w	a	l	c	sf	5	2		0
530	204	720	0.4	7694	9050	4	430	w	a	m	c	sf	1	2		0
520	205	130	0.6	1676	3300	2	428	w	a	m	c	s	1	1	1	0
600	205	1020	0.45	6963	5785	3	429	w	a	m	c	s	3	1	1	0
600	205	600	0.75	10700	10494	2	421	w	a	m	c	s	1	1	1	0
550	206	60	1.5	495	425	3	506	kw	a		c	s	3		1	0
602	206	60	1	985	540	2	421	kw	a		c	s	3		1	0
645	207	50	1.25	2305	1450	3	506	w	s	m	c	s	3	1	1	0
800	207	60	0.75	200	2260	2	414	w	s	m	c	s	3	1	1	0
512	208	110	0.65	15940	15455	5	424	w	s	m	c		3			0
445	209	960		10700	10494	2	421	w	s	s	0		3			0
545	210	60	0.6	15940	15455	5	424	w	s		0	s		1	1	0
600	210	120	0.75	200	2260	2	414	w	s	m	0	s	3	1	1	0
610	210	60	0.65	8160	5060	1	427	w	s	m	0	s	2	1	1	0
657	210	60	0.4	11370	8520	5	501	w	s	m	0	s	3	1	1	0
700	210	60	0.85	3940	4118	3	422	w	s	s	0	s	1	1	1	0
705	210	120	0.75	11875	9655	4	416	w	s	m	0	s	1	1	1	0
611	211	60	0.5	7694	9050	4	430	w	s	m	0	s	2	1	1	0
455	212	60	0.75	10700	10494	2	421	w	b	s	c	f	3		0	0
	213	50	0.75	15940	15455	5	424	w	s		0					0
335	213	120	0.7	10700	10494	2	421	w	s	m	0		1			0
615	213	120		1610	6260	1	504	w	s	m	0		3			0
410	214	150	0.6	2305	1450	3	506	w	b	lm	c	f	5	1	0	0
420	214	195	0.5	6963	5785	3	429	w	b	m	c	f	3	1	0	0
415	215	300	1.65	4020	3420	5	508	w	a	m	c	f	3	1	0	0
600	215	260	0.8	6570	6470	4	423	w	a	m	c	f	3	1	0	0
600	215	180	0.55	15940	15455	5	424	w	a		c	f		1	0	0
620	215	340	0.4	6963	5785	3	429	w	a	m	c	f	3	1	0	0
635	215	360	0.4	7694	9050	4	430	w	a	m	c	f	2	1	0	0
645	215	260	0.85	1320	1290	2	505	w	a	m	c	f	3	1	0	0
645	215	300	0.6	1676	3300	2	428	w	a	m	c	f	1	1	0	0
650	215	200	0.3	11370	8520	5	501	w	a	s	c	f	3	1	0	0
655	215	360	0.7	10700	10494	2	421	w	a	m	c	f	1	1	0	0
700	215	200	0.75	3900	6050	5	417	w	a	m	c	f	2	1	0	0
700	215	300	0.65	200	2260	2	414	w	a	m	c	f	3	1	0	0
700	215	300	0.85	3940	4118	3	422	w	a	s	c	f	1	1	0	0
700	215	300	0.6	8160	5060	1	427	w	a	m	c	f	3	1	0	0
700	215	300	1.15	2305	1450	3	506	w	a	m	c	f	3	1	0	0
701	215	300	1.25	6080	4780	4	507	w	a	m	c	f	3	1	0	0
705	215	360	0.65	11875	9655	4	416	w	a	m	c	f	1	1	0	0
715	215	360	0.65	7049	5535	1	413	w	a	m	c	f	3	1	0	0
516	216	50	0.3	7694	9050	4	430	w	b	l	c		5			0
615	217	200	0.85	6570	6470	4	423	w	s	m	0	s	1	1	1	0
630	217	300	0.75	10700	10494	2	421	w	s	m	0	s	1	1	1	0
645	217	300	0.85	3940	4118	3	422	w	s	s	0	s	1	1	1	0
700	217	480	0.55	15940	15455	5	424	w	s	m	0	s	2	1	1	0
800	218	60	0.5	15940	15455	5	424	w	b	m	c	s	2		1	0
550	219	200	0.25	11370	8520	5	501	w		m	c		4			0
342	220	180	0.65	1610	6260	1	504	w	s	m	0	s	3	3	1	0
625	221	60	0.75	10700	10494	2	421	w	a	s	c	s	3	2	1	0
440	222	120	0.75	10700	10494	2	421	w	s	m	c	s	1	1	1	0
455	222	60	1.25	990	1700	4	423	kw	s		c	s	1	1	1	0
435	223	60	0.9	2100	1825	5	501	kw	s		c	s	1		1	0
	224	16	1	1625	1376	5	417	kw	s		0	s	1	2	1	0
715	225	120	0.75	360	490	3	415	w	a	m	c	s	4		1	0
305	226	420	0.85	6570	6470	4	423	w	s	m	0	sd	3	2		1
740	227	60	0.5	990	1700	4	423	kw	b		c		5			0
610	228	60	0.5	6963	5785	3	429	w	b	m	c	s	3	2	1	0
620	229	1140	0.6	8160	5060	1	427	w	b	m	c	f	3	1	0	0
652	229	1100	0.5	1610	6260	1	504	w	b	m	c	f	5	1	0	0
655	229	1400	1.25	6080	4780	4	507	w	b	m	c	f	3	1	0	0
655	229	960	0.65	15940	15455	5	424	w	b	m	c	f	3	1	0	0
700	229	1300	0.5	7694	9050	4	430	w	b	m	c	f	3	1	0	0
700	229	1440	0.75	11875	9655	4	416	w	b	m	c	f	1	1	0	0
709	229	1140	0.75	10700	10494	2	421	w	b	m	c	f	1	1	0	0
715	229	1140	0.75	7049	5535	1	413	w	b	m	c	f	3	1	0	0
	230	10	1.25	1460	670	4	416	kw			0					0
450	231	60	1.15	990	1700	4	423	kw	a		c	s	1	2	1	0
730	232	150	0.6	2390	945	5	424	kw	a		c	f	4		0	0
710	233	60	0.6	8160	5060	1	427	w	b	m	c	f	3	1	0	0
450	234	60	0.5	6963	5785	3	429	w	s	m	c	s	3	1	1	0
810	235	120	0.75	11875	9655	4	416	w	b	m	c		1			0
457	236	60	1.1	390	230	1	427	kw	a		0	s	3	1	1	0
505	236	60	1.25	990	1700	4	423	kw	a		0	s	1	1	1	0
505	236	50	1.1	1115	840	1	413	kw	a		0	s	3	1	1	0
515	236	47	1.1	1625	1376	5	417	kw	a		0	s	3	1	1	0
446	237	60	0.75	10700	10494	2	421	w	s	m	c	s	3	1	1	0
315	238	60	0.7	8160	5060	1	427	w	s	m	0	s	3	3	1	1
330	238	60	0.85	3900	6050	5	417	w	s	m	0	s	2	3	1	1
342	238	60	0.65	7694	9050	4	430	w	s	m	0	s	2	3	1	1
330	238	60	1.25	990	1700	4	423	kw	s		0	s	3	3	1	1
350	238	60	1.1	1115	840	1	413	kw	s		0	s	1	3	1	1
550	239	120	0.75	10700	10494	2	421	w	a	s	c	s	3		1	0
600	240	100	1	3940	4118	3	422	w	s	lm	c	s	3	1	1	0
606	240	100	0.25	11370	8520	5	501	w	s	m	c	s	4	1	1	0
300	241	600		3900	6050	5	417	w	s	m	0		2			0
325	241	960	0.78	6570	6470	4	423	w	s	m	0		3			0
330	241	750	0.25	7694	9050	4	430	w	s	l	0		5			0
400	241	600	0.5	1676	3300	2	428	w	s		0					0
420	241	1200		10700	10494	2	421	w	s	s	0		3			0
450	242	100	1.25	6080	4780	4	507	w	s	m	c	s	3	1	1	0
530	243	120	0.75	10700	10494	2	421	w	s	s	0	s	3	1	1	1
715	243	120	0.9	3940	4118	3	422	w	s	s	0	s	1	1	1	1
	243	50	2	120	170	5	508	kw	s		0	s	3	1	1	1
355	244	60	1.75	4020	3420	5	508	w	s	m	0	s	3	1	1	0
409	244	60	0.4	11370	8520	5	501	w	s	m	0	s	3	1	1	0
530	244	130	0.75	11875	9655	4	416	w	s	m	0	s	1	1	1	0
545	244	60	1	3940	4118	3	422	w	s	s	0	s	1	1	1	0
409	244	60	0.9	2100	1825	5	501	kw	s		0	s	1	1	1	0
450	245	50	0.85	15940	15455	5	424	w	s	m	0	s	1	1	1	0
450	246	420	1.25	6080	4780	4	507	w	s	m	0	s	3	3	1	1
455	246	600	0.75	11875	9655	4	416	w	s	m	0	s	1	3	1	1
505	246	300	0.65	1610	6260	1	504	w	s	m	0	s	3	3	1	1
505	246	200	0.75	1610	6260	1	504	w	s	lm	0	s	4	3	1	1
510	246	600	0.75	8160	5060	1	427	w	s	m	0	s	3	3	1	1
515	246	420	0.85	10700	10494	2	421	w	s	m	0	s	1	3	1	1
515	246	300	0.45	7694	9050	4	430	w	s	m	0	s	2	3	1	1
520	246	600	0.95	7049	5535	1	413	w	s	m	0	s	3	3	1	1
601	246	600	0.88	6570	6470	4	423	w	s	m	0	s	3	3	1	1
450	246	300	1.5	875	1050	4	507	kw	s		0	s	3	3	1	1
520	246	570	1.3	1115	840	1	413	kw	s		0	s	1	3	1	1
	247	60	1.1	1460	670	4	416	kw	s		0	r	3	1		0
630	247	60	1.5	495	425	3	506	kw	s		0	r	3	1		0
700	247	60	1	1182	480	3	429	kw	s		0	r	1	1		0
650	247	60	1.1	180	60	3	422	kw	s		0	r	3	1		0
750	248	60	0.75	1460	670	4	416	kw	s		c	s	4	1	1	0
756	249	60	0.5	15940	15455	5	424	w	s	m	c		2			0
355	250	480	1.75	4020	3420	5	508	w	s	m	0	d	3	2		0
517	250	200	1	1320	1290	2	505	w	s	lm	0	d	3	2		0
425	250	1100	0.85	2100	1825	5	501	kw	s		0	d	3	2		0
430	250	150	1.1	1625	1376	5	417	kw	s		0	d	3	2		0
440	250	60	1.25	220	170	2	505	kw	s		0	d	1	2		0
500	250	120	1	985	540	2	421	kw	s		0	d	3	2		0
504	250	500	1.1	1625	1376	5	417	kw	s		0	d	3	2		0
532	250	180	1.1	990	1700	4	423	kw	s		0	d	3	2		0
532	250	60	1.25	990	1700	4	423	kw	s		0	d	1	2		0
	251	20	1.5	4020	3420	5	508	w	s	m	0	s	3	1	1	0
440	251	60	0.75	11875	9655	4	416	w	s	m	0	s	1	1	1	0
	252	65	1	335	185	4	430	kw	a		c	s	1		1	0
445	252	120	1.1	1115	840	1	413	kw	a		c	s	3		1	0
332	253	60	1.5	875	1050	4	507	kw	a		c	s	3	1	1	0
	254	120	0.6	15940	15455	5	424	w	a		c	s		1	1	0
432	254	60	1.75	4020	3420	5	508	w	a	m	c	s	3	1	1	0
616	254	150	0.85	3900	6050	5	417	w	a	m	c	s	2	1	1	0
550	254	60	1.5	495	425	3	506	kw	a		c	s	3	1	1	0
715	255	60	0.75	10700	10494	2	421	w	a	s	c		3			0
830	256	75	0.75	2390	945	5	424	kw	a		c		1			0
415	257	300	1.75	4020	3420	5	508	w	a	m	c	s	3	1	1	0
730	257	720	0.75	11875	9655	4	416	w	a	m	c	s	1	1	1	0
	258	100		3900	6050	5	417	w								0